#	合成无尽宝箱数据表				
#	Id		RewardsId	RewardsNum	ProductID
#	int		int[]	int[]	int
#	编号	策划备注	所包含的奖励内容（用下划线分隔）	所包含的奖励数量（用下划线分隔）	商品编号（0就是免费）
	1		26	3	0
	2		2	1	0
	3		3_4_26	2_2_15	67
	4		1	500	0
	5		5	2	0
	6		2_6_26	3_3_30	68
	7		1	1000	0
	8		3	3	0
	9		4_5_26	4_4_45	69
	10		1	2000	0
	11		6	4	0
	12		2_3_26	5_5_60	70
	13		1	3000	0
	14		4	5	0
	15		5_6_26	2_2_30	71
	16		1	1000	0
	17		2	2	0
	18		3_4_26	3_3_45	72
	19		1	1500	0
	20		5	3	0
	21		2_6_26	4_4_60	73
	22		1	2500	0
	23		3	4	0
	24		4_5_26	5_5_90	74
	25		1	3000	0
	26		6	5	0
	27		2_3_26	6_6_120	75
	28		1	5000	0
	29		4	6	0
